7 10
10 11
0.613281
0.285156
0.171875
0.5
0.492187
0.769531
0.597656
0.832031
0.910156
0.5

0.695312
0.914062
0.785156
0.796875
0.324219
0.746094
0.402344
0.835937
0.746094
0.078125

0.835937
0.492187
0.175781
0.859375
0.554687
0.398437
0.511719
0.933594
0.339844
0.285156

0.378906
0.996094
0.410156
0.558594
0.378906
0.800781
0.816406
0.117187
0.613281
0.609375

0.0859375
0.445312
0.445312
0.898437
0.113281
0.9375
0.515625
0.308594
0.289062
0.464844

0.0078125
0.839844
0.90625
0.222656
0.171875
0.324219
0.792969
0.785156
0.0703125
0.117187

0.199219
0.453125
0.617187
0.046875
0.953125
0.832031
0.828125
0.621094
0.828125
0.640625

0.347656
0.492187
0.207031
0.808594
0.195312
0.132812
0.953125
0.796875
0.808594
0.824219

0.5625
0.175781
0.28125
0.824219
0.558594
0.457031
0.898437
0.847656
0.113281
0.164062

0.894531
0.75
0.964844
0.167969
0.46875
0.503906
0.527344
0.265625
0.0546875
0.371094

0.3125

-5.72943e-12

0.828125

0.378906

0.550781

0.742187

0.480469

0.0195312

0.0820312

0.0273437

0.230469
0.199219
0.507812
0.121094
0.09375
0.4375
0.570312
0.851562
0.390625
0.328125

0.804687
0.691406
0.519531
0.242187
0.410156
0.0820312
0.96875
0.273437
0.414062
0.015625

0.585937
0.449219
0.0546875
0.847656
0.0859375
0.183594
0.402344
0.40625
0.828125
0.964844

0.289062
0.289062
0.8125
0.339844
0.40625
0.460937
0.976562
0.0859375
0.730469
0.0664062

0.675781
0.679687
0.140625
0.53125
0.472656
0.992187
0.320312
0.855469
0.144531
0.261719

0.894531
0.234375
0.953125
0.269531
0.824219
0.84375
0.15625
0.804687
0.0429687
0.957031

0.769531
0.375
0.347656
0.238281
0.589844
0.152344
0.539062
0.347656
0.460937
0.175781

0.8125
0.757812
0.785156
0.800781
0.40625
0.828125
0.285156
0.414062
0.472656
0.144531

0.03125
0.378906
0.25
0.078125
0.691406
0.230469
0.414062
0.644531
0.0664062
0.15625

0.753906
0.546875
0.835937
0.660156
0.0429687
0.527344
0.589844
0.546875
0.183594
0.941406

0.0820312

0.113281

0.601562

0.582031

0.753906

0.605469

0.878906

0.75

0.492187

0.910156

0.65625
0.601562
0.652344
0.523437
0.757812
0.707031
0.328125
0.746094
0.601562
0.902344

0.847656
0.136719
0.816406
0.332031
0.5625
0.21875
0.15625
0.816406
0.847656
0.421875

0.628906
0.398437
0.367187
0.304687
0.878906
0.1875
0.609375
0.992187
0.847656
0.441406

0.621094
0.882812
0.644531
0.882812
0.046875
0.605469
0.703125
0.277344
0.394531
0.21875

0.164062
0.273437
0.535156
0.660156
0.507812
0.472656
0.476562
0.460937
0.46875
0.757812

0.386719
0.691406
0.148437
0.871094
0.851562
0.160156
0.425781
0.242187
0.382812
0.875

0.585937
0.0703125
0.203125
0.746094
0.222656
0.648437
0.246094
0.535156
0.367187
0.941406

0.425781
0.0546875
0.886719
0.421875
0.15625
0.628906
0.117187
0.125
0.113281
0.792969

0.757812
0.0117187
0.246094
0.253906
0.0273437
0.515625
0.0585937
0.078125
0.0195312
0.394531

0.105469
0.15625
0.378906
0.785156
0.769531
0.902344
0.171875
0.554687
0.273437
0.210937

0.03125

0.859375

0.949219

0.65625

0.550781

0.992187

0.742187

0.945312

0.917969

0.441406

0.996094
0.625
0.8125
0.230469
0.457031
0.0234374
0.546875
0.492187
0.527344
0.46875

0.449219
0.300781
0.8125
0.742187
0.507812
0.742187
0.855469
0.757812
0.273437
0.253906

0.167969
0.546875
0.976562
0.1875
0.496094
0.4375
0.9375
0.652344
0.328125
0.523437

0.195312
0.582031
0.664062
0.355469
0.40625
0.0742187
0.0429687
0.898437
0.984375
0.957031

0.789062
0.742187
0.488281
0.621094
0.535156
0.539062
0.253906
0.105469
0.988281
0.71875

0.308594
0.40625
0.960937
0.445312
0.480469
0.0781249
0.597656
0.800781
0.824219
0.0507812

0.9375
0.265625
0.226562
0.703125
0.648437
0.398437
0.324219
0.199219
0.0429686
0.792969

0.628906
0.0624997
0.367187
0.296875
0.921875
0.0117184
0.296875
0.449218
0.898437
0.0195309

0.703125
0.191406
0.0546874
0.664062
0.675781
0.808594
0.832031
0.6875
0.789062
0.152344

0.996094
0.84375
0.613281
0.0781249
0.300781
0.953125
0.472656
0.152344
0.347656
0.257812

0.484375

0.609375

0.753906

0.96875

0.800781

0.546875

0.527344

0.125

0.136719

0.390625

0.718748
0.648435
0.527341
0.582029
0.296873
0.687498
0.35156
0.550779
0.304685
0.175779

0.597655
0.902343
0.23828
0.691405
0.374999
0.867187
0.691405
0.499999
0.67578
0.0312492

0.253904
0.910154
0.402342
0.253904
0.644529
0.832029
0.621092
0.890623
0.093748
0.621092

0.082008
0.257789
-2.32487e-05
0.148414
0.992164
0.296852
0.816383
0.128883
0.0156018
0.574196

0.183588
0.699213
0.558588
0.449213
0.324213
0.249994
0.261713
0.539057
0.683588
0.492182

0.789062
0.433593
0.832031
0.808593
0.824218
0.628906
0.582031
0.804687
0.351562
0.742187

0.394528
0.15234
0.164059
0.960934
0.0273401
0.675778
0.628903
0.742184
0.394528
0.648434

0.703113
0.785145
0.749988
0.410145
0.195301
0.203113
0.0351447
0.171864
0.30077
0.00389472

0.558592
0.0898415
0.335935
0.773435
0.855467
0.613279
0.781248
0.648435
0.843748
0.0429665

0.53124
0.503897
0.21874
0.378897
0.417959
0.40624
0.0703028
0.382803
0.972647
0.328115

0.812498

0.902343

0.441404

0.0898204

0.281244

0.468749

0.0507776

0.570301

0.160154

0.113272

0.523189
0.159907
0.597407
0.445071
0.855222
0.452876
0.109128
0.976317
0.308345
0.214598

0.718718
0.706999
0.687468
0.582
0.339812
0.956999
0.871062
0.499968
0.421843
0.42575

0.550525
0.452869
0.8474
0.54272
0.261464
0.394275
0.0661516
0.0309974
0.644275
0.960684

0.472629
0.738254
0.964817
0.917943
0.0820045
0.718723
0.874973
0.87888
0.374973
0.558567

0.429535
0.234223
0.480317
0.952977
0.355318
0.38266
0.538911
0.538912
0.558442
0.152193

0.359206
0.964674
0.894362
0.52718
0.288894
0.230299
0.195144
0.605302
0.378737
0.249833

0.515599
0.773412
0.761693
0.691381
0.652318
0.187474
0.289037
0.0624748
0.929662
0.457006

0.433391
0.0115159
0.183391
0.616991
0.413861
0.933391
0.0622985
0.3123
0.605266
0.78105

0.503713
0.261525
0.159963
0.156062
0.53887
0.960744
0.909964
0.616996
0.27715
0.628715

0.503822
0.281166
0.191322
0.421793
0.800698
0.640541
0.617104
0.867104
0.503822
0.636635

0.546626

0.593718

0.0622433

0.996067

0.60141

0.261549

0.800756

0.808391

0.33965

0.777259

0.289356
0.324404
0.72301
0.715015
0.0862275
0.129234
-0.0115068
0.13311
0.472929
0.34005

0.531096
0.367015
0.718607
0.281075
0.199064
0.300633
0.370925
0.230315
0.890467
0.863112

0.00630729
0.592238
0.256311
0.693799
0.0492758
0.166466
0.709427
0.07662
0.920368
0.728958

0.714859
0.179685
0.445338
0.878901
0.312515
0.488303
0.484377
0.109391
0.839856
0.51172

0.799858
0.0966197
-0.0203911
0.717698
0.288136
0.393645
0.0614911
0.811581
0.237336
0.104454

0.494869
0.0807279
0.0652251
0.0768111
0.576898
0.151144
0.154966
0.16284
0.526104
0.955743

0.0519524
0.856627
0.731647
0.93475
0.786327
0.0519564
0.235536
0.423047
0.575387
0.188661

0.569568
0.452377
0.682851
0.550033
0.706287
0.639882
0.561753
0.831287
0.366442
0.413315

0.24271
0.977051
0.492729
0.453609
0.000521509
0.28569
0.0825282
0.41068
0.203641
0.684089

0.125936
0.852485
0.485319
0.348577
0.911092
0.442347
0.114207
0.504843
0.547808
0.438425

0.632971

0.542791

0.717236

0.363274

0.823154

0.287739

0.680843

0.975814

0.738761

0.684513

0.580587
0.455627
0.115777
0.459533
0.897013
0.861818
0.065004
0.346261
0.275926
0.854066

0.0905121
-0.510954
-0.360341
-0.24148
-0.364332
-0.487875
-0.0742141
-0.756401
-0.65094
0.0431707

-0.0606327
0.101814
-0.342636
-0.0193265
0.471738
0.32892
-0.250083
-0.309697
0.61536
0.308599

-0.565125
-0.585993
-0.470958
-0.367337
-0.0816291
-0.508741
-0.000713254
-0.518381
-0.187883
-0.316945

0.171907
0.366846
-0.346755
0.319897
0.187317
-0.304442
-0.149276
-0.474982
0.385148
-0.160864

-0.0753276
-0.0390735
-0.481982
-0.586038
-0.0241047
-0.220038
-0.539933
-0.183322
-0.71771
-0.527982

-0.26692
-0.258516
-0.799333
-0.512478
0.0714417
-0.306369
-0.251453
0.0156326
-0.832135
-0.44657

0.695467
0.632969
0.832187
0.898594
0.64078
0.77359
0.734532
0.465001
0.371249
0.550938

0.778344
0.575482
0.852785
0.180953
0.145663
0.0946182
0.677061
0.845078
0.0324244
0.0833063

-0.800001
-0.720566
-0.261514
-0.134707
-0.0786706
-0.348012
-0.705662
-0.442363
-0.0210559
-0.689849

0.362818
-0.0886328
0.38517
-0.268344
-0.17928
-0.11778
-0.292145
0.386235
0.20669
-0.104541

0.799389

-0.819946

0.560972

-0.577843

0.411117

-0.621971

-0.551801

0.500157

0.532599

0.0293136

-0.286185

