4
4 4
0.00433594 0.000957031 0.00345703 0.00363281 0.00285156 0.00476562 0.00394531 0.00402344 0.000117187 0.000605469 0.00216797 0.0034375 
0.00130859 0.00125 0.00367187 0.00183594 0.00304688 0.0021875 0.00324219 0.00148438 3.90625e-05 0.00228516 0.00191406 0.00341797 
0.00384766 0.00185547 0.000878906 0.00271484 0.00294922 0.00046875 0.00130859 0.00291016 0.00167969 0.0021875 0.000585937 0.000273438 
0.00308594 0.00330078 0.00125 0.00449219 0.00255859 0.00269531 0.00386719 0.00353516 0.00107422 0.00224609 0.00148438 0.00492188 
4 4
0.00490234 0.00460937 0.00314453 0.000136719 0.00103516 0.000761719 0.00486328 0.00208984 0.00191406 0.00162109 0.00015625 0.00376953 
0.00191406 0.000644531 0.000722656 0.00408203 0.00488281 0.00193359 0.00433594 0.00101563 0.00298828 0.000527344 0.00328125 0.00292969 
0.00458984 0.00292969 0.00210938 0.00419922 0.00433594 0.00230469 0.000859375 0.00490234 0.00455078 0.0015625 0.00101563 0.00150391 
0.000957031 0.00267578 0.00291016 0.00289062 0.00238281 0.00166016 0.00253906 0.000175781 0.00253906 0.00445312 0.00324219 0.000664063 
4 4
0.00234375 0.000234375 0.00115234 0.00386719 0.00115234 0.00466797 0.000644531 0.000898438 0.00154297 0.00339844 0.00126953 0.000820312 
0.00427734 0.00470703 0.00162109 0.00384766 0.000488281 0.00298828 0.00443359 0.000761719 0.00359375 0.00203125 0.00431641 0.00484375 
0.00457031 0.00398438 0.000292969 0.000742188 0.00363281 0.00109375 0.00177734 0.00478516 0.00306641 0.00208984 0.00310547 0.00113281 
0.00439453 0.00115234 0.0034375 0.00244141 0.00271484 0.00175781 0.00441406 0.00183594 0.00208984 0.00238281 0.000253906 0.00246094 
4 4
0.000664062 0.000585937 0.00398437 0.00269531 0.00482422 0.00183594 0.00265625 0.000585937 0.00292969 0.00177734 9.76562e-05 0.00296875 
0.000898437 0.0046875 0.00132812 0.00367187 0.00119141 0.000390625 0.000878906 0.00177734 0.00167969 0.00484375 0.00185547 0.00462891 
0.00470703 0.00466797 0.00384766 0.00460937 0.00179687 0.00162109 0.00234375 0.00458984 0.00298828 0.00400391 0.000820312 0.001875 
0.00275391 0.00183594 0.00470703 1.95312e-05 0.00425781 0.00246094 0.00369141 0.00146484 0.00140625 0.00339844 0.00367187 0.000214844 
